00000000000000000000000000000000
00000000000000000001000001001000
00000000000000000010000010010000
00000000000000000011000011011000
00000000000000000100000100100000
00000000000000000101000101101000
00000000000000000110000110110000
00100000000000000111000111111000
00000000000000001000001000000001
00000000000000001001001001001001
00000000000000001010001010010001
00000000000000001011001011011001
00000000000000001100001100100001
00000000000000001101001101101001
00000000000000001110001110110001
00100000000000001111001111111001
00000000000000010000010000000010
00000000000000010001010001001010
00000000000000010010010010010010
00000000000000010011010011011010
00000000000000010100010100100010
00000000000000010101010101101010
00000000000000010110010110110010
00100000000000010111010111111010
00000000000000011000011000000011
00000000000000011001011001001011
00000000000000011010011010010011
00000000000000011011011011011011
00000000000000011100011100100011
00000000000000011101011101101011
00000000000000011110011110110011
00100000000000011111011111111011
00000000000000100000100000000100
00000000000000100001100001001100
00000000000000100010100010010100
00000000000000100011100011011100
00000000000000100100100100100100
00000000000000100101100101101100
00000000000000100110100110110100
00100000000000100111100111111100
00000000000000101000101000000101
00000000000000101001101001001101
00000000000000101010101010010101
00000000000000101011101011011101
00000000000000101100101100100101
00000000000000101101101101101101
00000000000000101110101110110101
00100000000000101111101111111101
00000000000000110000110000000110
00000000000000110001110001001110
00000000000000110010110010010110
00000000000000110011110011011110
00000000000000110100110100100110
00000000000000110101110101101110
00000000000000110110110110110110
00100000000000110111110111111110
00000000000000111000111000000111
00000000000000111001111001001111
00000000000000111010111010010111
00000000000000111011111011011111
00000000000000111100111100100111
00000000000000111101111101101111
00000000000000111110111110110111
00100000000000111111111111111111