//Output Image 0:
0 0 0 1 0000 000000000 000000 000000000
0 0 0 1 0000 000000000 000001 000001000
0 0 0 1 0000 000000000 000010 000010000
0 0 0 1 0000 000000000 000011 000011000
0 0 0 1 0000 000000000 000100 000100000
0 0 0 1 0000 000000000 000101 000101000
0 0 0 1 0000 000000000 000110 000110000
0 0 1 1 0000 000000000 000111 000111000

0 0 0 1 0000 000000001 000000 000000001
0 0 0 1 0000 000000001 000001 000001001
0 0 0 1 0000 000000001 000010 000010001
0 0 0 1 0000 000000001 000011 000011001
0 0 0 1 0000 000000001 000100 000100001
0 0 0 1 0000 000000001 000101 000101001
0 0 0 1 0000 000000001 000110 000110001
0 0 1 1 0000 000000001 000111 000111001

0 0 0 1 0000 000000010 000000 000000010
0 0 0 1 0000 000000010 000001 000001010
0 0 0 1 0000 000000010 000010 000010010
0 0 0 1 0000 000000010 000011 000011010
0 0 0 1 0000 000000010 000100 000100010
0 0 0 1 0000 000000010 000101 000101010
0 0 0 1 0000 000000010 000110 000110010
0 0 1 1 0000 000000010 000111 000111010

0 0 0 1 0000 000000011 000000 000000011
0 0 0 1 0000 000000011 000001 000001011
0 0 0 1 0000 000000011 000010 000010011
0 0 0 1 0000 000000011 000011 000011011
0 0 0 1 0000 000000011 000100 000100011
0 0 0 1 0000 000000011 000101 000101011
0 0 0 1 0000 000000011 000110 000110011
0 0 1 1 0000 000000011 000111 000111011

0 0 0 1 0000 000000100 000000 000000100
0 0 0 1 0000 000000100 000001 000001100
0 0 0 1 0000 000000100 000010 000010100
0 0 0 1 0000 000000100 000011 000011100
0 0 0 1 0000 000000100 000100 000100100
0 0 0 1 0000 000000100 000101 000101100
0 0 0 1 0000 000000100 000110 000110100
0 0 1 1 0000 000000100 000111 000111100

0 0 0 1 0000 000000101 000000 000000101
0 0 0 1 0000 000000101 000001 000001101
0 0 0 1 0000 000000101 000010 000010101
0 0 0 1 0000 000000101 000011 000011101
0 0 0 1 0000 000000101 000100 000100101
0 0 0 1 0000 000000101 000101 000101101
0 0 0 1 0000 000000101 000110 000110101
0 0 1 1 0000 000000101 000111 000111101

0 0 0 1 0000 000000110 000000 000000110
0 0 0 1 0000 000000110 000001 000001110
0 0 0 1 0000 000000110 000010 000010110
0 0 0 1 0000 000000110 000011 000011110
0 0 0 1 0000 000000110 000100 000100110
0 0 0 1 0000 000000110 000101 000101110
0 0 0 1 0000 000000110 000110 000110110
0 0 1 1 0000 000000110 000111 000111110

0 0 0 1 0000 000000111 000000 000000111
0 0 0 1 0000 000000111 000001 000001111
0 0 0 1 0000 000000111 000010 000010111
0 0 0 1 0000 000000111 000011 000011111
0 0 0 1 0000 000000111 000100 000100111
0 0 0 1 0000 000000111 000101 000101111
0 0 0 1 0000 000000111 000110 000110111
0 0 1 1 0000 000000111 000111 000111111


//Output Image 1:
0 0 0 1 0000 000001000 001000 000000000
0 0 0 1 0000 000001000 001001 000001000
0 0 0 1 0000 000001000 001010 000010000
0 0 0 1 0000 000001000 001011 000011000
0 0 0 1 0000 000001000 001100 000100000
0 0 0 1 0000 000001000 001101 000101000
0 0 0 1 0000 000001000 001110 000110000
0 0 1 1 0000 000001000 001111 000111000

0 0 0 1 0000 000001001 001000 000000001
0 0 0 1 0000 000001001 001001 000001001
0 0 0 1 0000 000001001 001010 000010001
0 0 0 1 0000 000001001 001011 000011001
0 0 0 1 0000 000001001 001100 000100001
0 0 0 1 0000 000001001 001101 000101001
0 0 0 1 0000 000001001 001110 000110001
0 0 1 1 0000 000001001 001111 000111001

0 0 0 1 0000 000001010 001000 000000010
0 0 0 1 0000 000001010 001001 000001010
0 0 0 1 0000 000001010 001010 000010010
0 0 0 1 0000 000001010 001011 000011010
0 0 0 1 0000 000001010 001100 000100010
0 0 0 1 0000 000001010 001101 000101010
0 0 0 1 0000 000001010 001110 000110010
0 0 1 1 0000 000001010 001111 000111010

0 0 0 1 0000 000001011 001000 000000011
0 0 0 1 0000 000001011 001001 000001011
0 0 0 1 0000 000001011 001010 000010011
0 0 0 1 0000 000001011 001011 000011011
0 0 0 1 0000 000001011 001100 000100011
0 0 0 1 0000 000001011 001101 000101011
0 0 0 1 0000 000001011 001110 000110011
0 0 1 1 0000 000001011 001111 000111011

0 0 0 1 0000 000001100 001000 000000100
0 0 0 1 0000 000001100 001001 000001100
0 0 0 1 0000 000001100 001010 000010100
0 0 0 1 0000 000001100 001011 000011100
0 0 0 1 0000 000001100 001100 000100100
0 0 0 1 0000 000001100 001101 000101100
0 0 0 1 0000 000001100 001110 000110100
0 0 1 1 0000 000001100 001111 000111100

0 0 0 1 0000 000001101 001000 000000101
0 0 0 1 0000 000001101 001001 000001101
0 0 0 1 0000 000001101 001010 000010101
0 0 0 1 0000 000001101 001011 000011101
0 0 0 1 0000 000001101 001100 000100101
0 0 0 1 0000 000001101 001101 000101101
0 0 0 1 0000 000001101 001110 000110101
0 0 1 1 0000 000001101 001111 000111101

0 0 0 1 0000 000001110 001000 000000110
0 0 0 1 0000 000001110 001001 000001110
0 0 0 1 0000 000001110 001010 000010110
0 0 0 1 0000 000001110 001011 000011110
0 0 0 1 0000 000001110 001100 000100110
0 0 0 1 0000 000001110 001101 000101110
0 0 0 1 0000 000001110 001110 000110110
0 0 1 1 0000 000001110 001111 000111110

0 0 0 1 0000 000001111 001000 000000111
0 0 0 1 0000 000001111 001001 000001111
0 0 0 1 0000 000001111 001010 000010111
0 0 0 1 0000 000001111 001011 000011111
0 0 0 1 0000 000001111 001100 000100111
0 0 0 1 0000 000001111 001101 000101111
0 0 0 1 0000 000001111 001110 000110111
0 0 1 1 0000 000001111 001111 000111111


//Output Image 2:
0 0 0 1 0000 000010000 010000 000000000
0 0 0 1 0000 000010000 010001 000001000
0 0 0 1 0000 000010000 010010 000010000
0 0 0 1 0000 000010000 010011 000011000
0 0 0 1 0000 000010000 010100 000100000
0 0 0 1 0000 000010000 010101 000101000
0 0 0 1 0000 000010000 010110 000110000
0 0 1 1 0000 000010000 010111 000111000

0 0 0 1 0000 000010001 010000 000000001
0 0 0 1 0000 000010001 010001 000001001
0 0 0 1 0000 000010001 010010 000010001
0 0 0 1 0000 000010001 010011 000011001
0 0 0 1 0000 000010001 010100 000100001
0 0 0 1 0000 000010001 010101 000101001
0 0 0 1 0000 000010001 010110 000110001
0 0 1 1 0000 000010001 010111 000111001

0 0 0 1 0000 000010010 010000 000000010
0 0 0 1 0000 000010010 010001 000001010
0 0 0 1 0000 000010010 010010 000010010
0 0 0 1 0000 000010010 010011 000011010
0 0 0 1 0000 000010010 010100 000100010
0 0 0 1 0000 000010010 010101 000101010
0 0 0 1 0000 000010010 010110 000110010
0 0 1 1 0000 000010010 010111 000111010

0 0 0 1 0000 000010011 010000 000000011
0 0 0 1 0000 000010011 010001 000001011
0 0 0 1 0000 000010011 010010 000010011
0 0 0 1 0000 000010011 010011 000011011
0 0 0 1 0000 000010011 010100 000100011
0 0 0 1 0000 000010011 010101 000101011
0 0 0 1 0000 000010011 010110 000110011
0 0 1 1 0000 000010011 010111 000111011

0 0 0 1 0000 000010100 010000 000000100
0 0 0 1 0000 000010100 010001 000001100
0 0 0 1 0000 000010100 010010 000010100
0 0 0 1 0000 000010100 010011 000011100
0 0 0 1 0000 000010100 010100 000100100
0 0 0 1 0000 000010100 010101 000101100
0 0 0 1 0000 000010100 010110 000110100
0 0 1 1 0000 000010100 010111 000111100

0 0 0 1 0000 000010101 010000 000000101
0 0 0 1 0000 000010101 010001 000001101
0 0 0 1 0000 000010101 010010 000010101
0 0 0 1 0000 000010101 010011 000011101
0 0 0 1 0000 000010101 010100 000100101
0 0 0 1 0000 000010101 010101 000101101
0 0 0 1 0000 000010101 010110 000110101
0 0 1 1 0000 000010101 010111 000111101

0 0 0 1 0000 000010110 010000 000000110
0 0 0 1 0000 000010110 010001 000001110
0 0 0 1 0000 000010110 010010 000010110
0 0 0 1 0000 000010110 010011 000011110
0 0 0 1 0000 000010110 010100 000100110
0 0 0 1 0000 000010110 010101 000101110
0 0 0 1 0000 000010110 010110 000110110
0 0 1 1 0000 000010110 010111 000111110

0 0 0 1 0000 000010111 010000 000000111
0 0 0 1 0000 000010111 010001 000001111
0 0 0 1 0000 000010111 010010 000010111
0 0 0 1 0000 000010111 010011 000011111
0 0 0 1 0000 000010111 010100 000100111
0 0 0 1 0000 000010111 010101 000101111
0 0 0 1 0000 000010111 010110 000110111
0 0 1 1 0000 000010111 010111 000111111


//Output Image 3:
0 0 0 1 0000 000011000 011000 000000000
0 0 0 1 0000 000011000 011001 000001000
0 0 0 1 0000 000011000 011010 000010000
0 0 0 1 0000 000011000 011011 000011000
0 0 0 1 0000 000011000 011100 000100000
0 0 0 1 0000 000011000 011101 000101000
0 0 0 1 0000 000011000 011110 000110000
0 0 1 1 0000 000011000 011111 000111000

0 0 0 1 0000 000011001 011000 000000001
0 0 0 1 0000 000011001 011001 000001001
0 0 0 1 0000 000011001 011010 000010001
0 0 0 1 0000 000011001 011011 000011001
0 0 0 1 0000 000011001 011100 000100001
0 0 0 1 0000 000011001 011101 000101001
0 0 0 1 0000 000011001 011110 000110001
0 0 1 1 0000 000011001 011111 000111001

0 0 0 1 0000 000011010 011000 000000010
0 0 0 1 0000 000011010 011001 000001010
0 0 0 1 0000 000011010 011010 000010010
0 0 0 1 0000 000011010 011011 000011010
0 0 0 1 0000 000011010 011100 000100010
0 0 0 1 0000 000011010 011101 000101010
0 0 0 1 0000 000011010 011110 000110010
0 0 1 1 0000 000011010 011111 000111010

0 0 0 1 0000 000011011 011000 000000011
0 0 0 1 0000 000011011 011001 000001011
0 0 0 1 0000 000011011 011010 000010011
0 0 0 1 0000 000011011 011011 000011011
0 0 0 1 0000 000011011 011100 000100011
0 0 0 1 0000 000011011 011101 000101011
0 0 0 1 0000 000011011 011110 000110011
0 0 1 1 0000 000011011 011111 000111011

0 0 0 1 0000 000011100 011000 000000100
0 0 0 1 0000 000011100 011001 000001100
0 0 0 1 0000 000011100 011010 000010100
0 0 0 1 0000 000011100 011011 000011100
0 0 0 1 0000 000011100 011100 000100100
0 0 0 1 0000 000011100 011101 000101100
0 0 0 1 0000 000011100 011110 000110100
0 0 1 1 0000 000011100 011111 000111100

0 0 0 1 0000 000011101 011000 000000101
0 0 0 1 0000 000011101 011001 000001101
0 0 0 1 0000 000011101 011010 000010101
0 0 0 1 0000 000011101 011011 000011101
0 0 0 1 0000 000011101 011100 000100101
0 0 0 1 0000 000011101 011101 000101101
0 0 0 1 0000 000011101 011110 000110101
0 0 1 1 0000 000011101 011111 000111101

0 0 0 1 0000 000011110 011000 000000110
0 0 0 1 0000 000011110 011001 000001110
0 0 0 1 0000 000011110 011010 000010110
0 0 0 1 0000 000011110 011011 000011110
0 0 0 1 0000 000011110 011100 000100110
0 0 0 1 0000 000011110 011101 000101110
0 0 0 1 0000 000011110 011110 000110110
0 0 1 1 0000 000011110 011111 000111110

0 0 0 1 0000 000011111 011000 000000111
0 0 0 1 0000 000011111 011001 000001111
0 0 0 1 0000 000011111 011010 000010111
0 0 0 1 0000 000011111 011011 000011111
0 0 0 1 0000 000011111 011100 000100111
0 0 0 1 0000 000011111 011101 000101111
0 0 0 1 0000 000011111 011110 000110111
0 0 1 1 0000 000011111 011111 000111111


//Output Image 4:
0 0 0 1 0000 000100000 100000 000000000
0 0 0 1 0000 000100000 100001 000001000
0 0 0 1 0000 000100000 100010 000010000
0 0 0 1 0000 000100000 100011 000011000
0 0 0 1 0000 000100000 100100 000100000
0 0 0 1 0000 000100000 100101 000101000
0 0 0 1 0000 000100000 100110 000110000
0 0 1 1 0000 000100000 100111 000111000

0 0 0 1 0000 000100001 100000 000000001
0 0 0 1 0000 000100001 100001 000001001
0 0 0 1 0000 000100001 100010 000010001
0 0 0 1 0000 000100001 100011 000011001
0 0 0 1 0000 000100001 100100 000100001
0 0 0 1 0000 000100001 100101 000101001
0 0 0 1 0000 000100001 100110 000110001
0 0 1 1 0000 000100001 100111 000111001

0 0 0 1 0000 000100010 100000 000000010
0 0 0 1 0000 000100010 100001 000001010
0 0 0 1 0000 000100010 100010 000010010
0 0 0 1 0000 000100010 100011 000011010
0 0 0 1 0000 000100010 100100 000100010
0 0 0 1 0000 000100010 100101 000101010
0 0 0 1 0000 000100010 100110 000110010
0 0 1 1 0000 000100010 100111 000111010

0 0 0 1 0000 000100011 100000 000000011
0 0 0 1 0000 000100011 100001 000001011
0 0 0 1 0000 000100011 100010 000010011
0 0 0 1 0000 000100011 100011 000011011
0 0 0 1 0000 000100011 100100 000100011
0 0 0 1 0000 000100011 100101 000101011
0 0 0 1 0000 000100011 100110 000110011
0 0 1 1 0000 000100011 100111 000111011

0 0 0 1 0000 000100100 100000 000000100
0 0 0 1 0000 000100100 100001 000001100
0 0 0 1 0000 000100100 100010 000010100
0 0 0 1 0000 000100100 100011 000011100
0 0 0 1 0000 000100100 100100 000100100
0 0 0 1 0000 000100100 100101 000101100
0 0 0 1 0000 000100100 100110 000110100
0 0 1 1 0000 000100100 100111 000111100

0 0 0 1 0000 000100101 100000 000000101
0 0 0 1 0000 000100101 100001 000001101
0 0 0 1 0000 000100101 100010 000010101
0 0 0 1 0000 000100101 100011 000011101
0 0 0 1 0000 000100101 100100 000100101
0 0 0 1 0000 000100101 100101 000101101
0 0 0 1 0000 000100101 100110 000110101
0 0 1 1 0000 000100101 100111 000111101

0 0 0 1 0000 000100110 100000 000000110
0 0 0 1 0000 000100110 100001 000001110
0 0 0 1 0000 000100110 100010 000010110
0 0 0 1 0000 000100110 100011 000011110
0 0 0 1 0000 000100110 100100 000100110
0 0 0 1 0000 000100110 100101 000101110
0 0 0 1 0000 000100110 100110 000110110
0 0 1 1 0000 000100110 100111 000111110

0 0 0 1 0000 000100111 100000 000000111
0 0 0 1 0000 000100111 100001 000001111
0 0 0 1 0000 000100111 100010 000010111
0 0 0 1 0000 000100111 100011 000011111
0 0 0 1 0000 000100111 100100 000100111
0 0 0 1 0000 000100111 100101 000101111
0 0 0 1 0000 000100111 100110 000110111
0 0 1 1 0000 000100111 100111 000111111


//Output Image 5:
0 0 0 1 0000 000101000 101000 000000000
0 0 0 1 0000 000101000 101001 000001000
0 0 0 1 0000 000101000 101010 000010000
0 0 0 1 0000 000101000 101011 000011000
0 0 0 1 0000 000101000 101100 000100000
0 0 0 1 0000 000101000 101101 000101000
0 0 0 1 0000 000101000 101110 000110000
0 0 1 1 0000 000101000 101111 000111000

0 0 0 1 0000 000101001 101000 000000001
0 0 0 1 0000 000101001 101001 000001001
0 0 0 1 0000 000101001 101010 000010001
0 0 0 1 0000 000101001 101011 000011001
0 0 0 1 0000 000101001 101100 000100001
0 0 0 1 0000 000101001 101101 000101001
0 0 0 1 0000 000101001 101110 000110001
0 0 1 1 0000 000101001 101111 000111001

0 0 0 1 0000 000101010 101000 000000010
0 0 0 1 0000 000101010 101001 000001010
0 0 0 1 0000 000101010 101010 000010010
0 0 0 1 0000 000101010 101011 000011010
0 0 0 1 0000 000101010 101100 000100010
0 0 0 1 0000 000101010 101101 000101010
0 0 0 1 0000 000101010 101110 000110010
0 0 1 1 0000 000101010 101111 000111010

0 0 0 1 0000 000101011 101000 000000011
0 0 0 1 0000 000101011 101001 000001011
0 0 0 1 0000 000101011 101010 000010011
0 0 0 1 0000 000101011 101011 000011011
0 0 0 1 0000 000101011 101100 000100011
0 0 0 1 0000 000101011 101101 000101011
0 0 0 1 0000 000101011 101110 000110011
0 0 1 1 0000 000101011 101111 000111011

0 0 0 1 0000 000101100 101000 000000100
0 0 0 1 0000 000101100 101001 000001100
0 0 0 1 0000 000101100 101010 000010100
0 0 0 1 0000 000101100 101011 000011100
0 0 0 1 0000 000101100 101100 000100100
0 0 0 1 0000 000101100 101101 000101100
0 0 0 1 0000 000101100 101110 000110100
0 0 1 1 0000 000101100 101111 000111100

0 0 0 1 0000 000101101 101000 000000101
0 0 0 1 0000 000101101 101001 000001101
0 0 0 1 0000 000101101 101010 000010101
0 0 0 1 0000 000101101 101011 000011101
0 0 0 1 0000 000101101 101100 000100101
0 0 0 1 0000 000101101 101101 000101101
0 0 0 1 0000 000101101 101110 000110101
0 0 1 1 0000 000101101 101111 000111101

0 0 0 1 0000 000101110 101000 000000110
0 0 0 1 0000 000101110 101001 000001110
0 0 0 1 0000 000101110 101010 000010110
0 0 0 1 0000 000101110 101011 000011110
0 0 0 1 0000 000101110 101100 000100110
0 0 0 1 0000 000101110 101101 000101110
0 0 0 1 0000 000101110 101110 000110110
0 0 1 1 0000 000101110 101111 000111110

0 0 0 1 0000 000101111 101000 000000111
0 0 0 1 0000 000101111 101001 000001111
0 0 0 1 0000 000101111 101010 000010111
0 0 0 1 0000 000101111 101011 000011111
0 0 0 1 0000 000101111 101100 000100111
0 0 0 1 0000 000101111 101101 000101111
0 0 0 1 0000 000101111 101110 000110111
0 0 1 1 0000 000101111 101111 000111111


//Output Image 6:
0 0 0 1 0000 000110000 110000 000000000
0 0 0 1 0000 000110000 110001 000001000
0 0 0 1 0000 000110000 110010 000010000
0 0 0 1 0000 000110000 110011 000011000
0 0 0 1 0000 000110000 110100 000100000
0 0 0 1 0000 000110000 110101 000101000
0 0 0 1 0000 000110000 110110 000110000
0 0 1 1 0000 000110000 110111 000111000

0 0 0 1 0000 000110001 110000 000000001
0 0 0 1 0000 000110001 110001 000001001
0 0 0 1 0000 000110001 110010 000010001
0 0 0 1 0000 000110001 110011 000011001
0 0 0 1 0000 000110001 110100 000100001
0 0 0 1 0000 000110001 110101 000101001
0 0 0 1 0000 000110001 110110 000110001
0 0 1 1 0000 000110001 110111 000111001

0 0 0 1 0000 000110010 110000 000000010
0 0 0 1 0000 000110010 110001 000001010
0 0 0 1 0000 000110010 110010 000010010
0 0 0 1 0000 000110010 110011 000011010
0 0 0 1 0000 000110010 110100 000100010
0 0 0 1 0000 000110010 110101 000101010
0 0 0 1 0000 000110010 110110 000110010
0 0 1 1 0000 000110010 110111 000111010

0 0 0 1 0000 000110011 110000 000000011
0 0 0 1 0000 000110011 110001 000001011
0 0 0 1 0000 000110011 110010 000010011
0 0 0 1 0000 000110011 110011 000011011
0 0 0 1 0000 000110011 110100 000100011
0 0 0 1 0000 000110011 110101 000101011
0 0 0 1 0000 000110011 110110 000110011
0 0 1 1 0000 000110011 110111 000111011

0 0 0 1 0000 000110100 110000 000000100
0 0 0 1 0000 000110100 110001 000001100
0 0 0 1 0000 000110100 110010 000010100
0 0 0 1 0000 000110100 110011 000011100
0 0 0 1 0000 000110100 110100 000100100
0 0 0 1 0000 000110100 110101 000101100
0 0 0 1 0000 000110100 110110 000110100
0 0 1 1 0000 000110100 110111 000111100

0 0 0 1 0000 000110101 110000 000000101
0 0 0 1 0000 000110101 110001 000001101
0 0 0 1 0000 000110101 110010 000010101
0 0 0 1 0000 000110101 110011 000011101
0 0 0 1 0000 000110101 110100 000100101
0 0 0 1 0000 000110101 110101 000101101
0 0 0 1 0000 000110101 110110 000110101
0 0 1 1 0000 000110101 110111 000111101

0 0 0 1 0000 000110110 110000 000000110
0 0 0 1 0000 000110110 110001 000001110
0 0 0 1 0000 000110110 110010 000010110
0 0 0 1 0000 000110110 110011 000011110
0 0 0 1 0000 000110110 110100 000100110
0 0 0 1 0000 000110110 110101 000101110
0 0 0 1 0000 000110110 110110 000110110
0 0 1 1 0000 000110110 110111 000111110

0 0 0 1 0000 000110111 110000 000000111
0 0 0 1 0000 000110111 110001 000001111
0 0 0 1 0000 000110111 110010 000010111
0 0 0 1 0000 000110111 110011 000011111
0 0 0 1 0000 000110111 110100 000100111
0 0 0 1 0000 000110111 110101 000101111
0 0 0 1 0000 000110111 110110 000110111
0 0 1 1 0000 000110111 110111 000111111


//Output Image 7:
0 0 0 1 0000 000111000 111000 000000000
0 0 0 1 0000 000111000 111001 000001000
0 0 0 1 0000 000111000 111010 000010000
0 0 0 1 0000 000111000 111011 000011000
0 0 0 1 0000 000111000 111100 000100000
0 0 0 1 0000 000111000 111101 000101000
0 0 0 1 0000 000111000 111110 000110000
0 0 1 1 0000 000111000 111111 000111000

0 0 0 1 0000 000111001 111000 000000001
0 0 0 1 0000 000111001 111001 000001001
0 0 0 1 0000 000111001 111010 000010001
0 0 0 1 0000 000111001 111011 000011001
0 0 0 1 0000 000111001 111100 000100001
0 0 0 1 0000 000111001 111101 000101001
0 0 0 1 0000 000111001 111110 000110001
0 0 1 1 0000 000111001 111111 000111001

0 0 0 1 0000 000111010 111000 000000010
0 0 0 1 0000 000111010 111001 000001010
0 0 0 1 0000 000111010 111010 000010010
0 0 0 1 0000 000111010 111011 000011010
0 0 0 1 0000 000111010 111100 000100010
0 0 0 1 0000 000111010 111101 000101010
0 0 0 1 0000 000111010 111110 000110010
0 0 1 1 0000 000111010 111111 000111010

0 0 0 1 0000 000111011 111000 000000011
0 0 0 1 0000 000111011 111001 000001011
0 0 0 1 0000 000111011 111010 000010011
0 0 0 1 0000 000111011 111011 000011011
0 0 0 1 0000 000111011 111100 000100011
0 0 0 1 0000 000111011 111101 000101011
0 0 0 1 0000 000111011 111110 000110011
0 0 1 1 0000 000111011 111111 000111011

0 0 0 1 0000 000111100 111000 000000100
0 0 0 1 0000 000111100 111001 000001100
0 0 0 1 0000 000111100 111010 000010100
0 0 0 1 0000 000111100 111011 000011100
0 0 0 1 0000 000111100 111100 000100100
0 0 0 1 0000 000111100 111101 000101100
0 0 0 1 0000 000111100 111110 000110100
0 0 1 1 0000 000111100 111111 000111100

0 0 0 1 0000 000111101 111000 000000101
0 0 0 1 0000 000111101 111001 000001101
0 0 0 1 0000 000111101 111010 000010101
0 0 0 1 0000 000111101 111011 000011101
0 0 0 1 0000 000111101 111100 000100101
0 0 0 1 0000 000111101 111101 000101101
0 0 0 1 0000 000111101 111110 000110101
0 0 1 1 0000 000111101 111111 000111101

0 0 0 1 0000 000111110 111000 000000110
0 0 0 1 0000 000111110 111001 000001110
0 0 0 1 0000 000111110 111010 000010110
0 0 0 1 0000 000111110 111011 000011110
0 0 0 1 0000 000111110 111100 000100110
0 0 0 1 0000 000111110 111101 000101110
0 0 0 1 0000 000111110 111110 000110110
0 0 1 1 0000 000111110 111111 000111110

0 0 0 1 0000 000111111 111000 000000111
0 0 0 1 0000 000111111 111001 000001111
0 0 0 1 0000 000111111 111010 000010111
0 0 0 1 0000 000111111 111011 000011111
0 0 0 1 0000 000111111 111100 000100111
0 0 0 1 0000 000111111 111101 000101111
0 0 0 1 0000 000111111 111110 000110111
0 0 1 1 0000 000111111 111111 000111111

